0,0,0
0,0.0862068965517241,0
0,0.172413793103448,0
0,0.258620689655172,0
0,0.344827586206897,0
0,0.431034482758621,0
0,0.517241379310345,0
0,0.603448275862069,0
0,0.689655172413793,0
0,0.775862068965517,0
0,0.862068965517241,0
0,0.948275862068966,0
0,1.03448275862069,0
0,1.12068965517241,0
0,1.20689655172414,0
0,1.29310344827586,0
0,1.37931034482759,0
0,1.46551724137931,0
0,1.55172413793103,0
0,1.63793103448276,0
0,1.72413793103448,0
0,1.81034482758621,0
0,1.89655172413793,0
0,1.98275862068966,0
0,2.06896551724138,0
0,2.1551724137931,0
0,2.24137931034483,0
0,2.32758620689655,0
0,2.41379310344828,0
0,2.5,0
1.1282958984375e-08,0,0.999220121389328
1.1282958984375e-08,0.0862068965517241,0.000159592773861834
1.1282958984375e-08,0.172413793103448,2.01882169427043e-07
1.1282958984375e-08,0.258620689655172,7.94043700786234e-08
1.1282958984375e-08,0.344827586206897,4.94212304575707e-08
1.1282958984375e-08,0.431034482758621,3.58748586473759e-08
1.1282958984375e-08,0.517241379310345,2.81570216609637e-08
1.1282958984375e-08,0.603448275862069,2.31719781760055e-08
1.1282958984375e-08,0.689655172413793,1.96865762893243e-08
1.1282958984375e-08,0.775862068965517,1.71125969203186e-08
1.1282958984375e-08,0.862068965517241,1.51338757557148e-08
1.1282958984375e-08,0.948275862068966,1.35653207584885e-08
1.1282958984375e-08,1.03448275862069,1.2291381110646e-08
1.1282958984375e-08,1.12068965517241,1.12361695783976e-08
1.1282958984375e-08,1.20689655172414,1.03478133616827e-08
1.1282958984375e-08,1.29310344827586,9.58964170778998e-09
1.1282958984375e-08,1.37931034482759,8.93498119090299e-09
1.1282958984375e-08,1.46551724137931,8.36399226360112e-09
1.1282958984375e-08,1.55172413793103,7.86160021004236e-09
1.1282958984375e-08,1.63793103448276,7.41614103129229e-09
1.1282958984375e-08,1.72413793103448,7.01845731947893e-09
1.1282958984375e-08,1.81034482758621,6.66125294315603e-09
1.1282958984375e-08,1.89655172413793,6.33864882987701e-09
1.1282958984375e-08,1.98275862068966,6.04584570002094e-09
1.1282958984375e-08,2.06896551724138,5.77890006433898e-09
1.1282958984375e-08,2.1551724137931,5.53453286598077e-09
1.1282958984375e-08,2.24137931034483,5.30999403295607e-09
1.1282958984375e-08,2.32758620689655,5.10296364291375e-09
1.1282958984375e-08,2.41379310344828,4.91146679499514e-09
1.1282958984375e-08,2.5,4.73382545471721e-09
2.256591796875e-08,0,0.999999999999936
2.256591796875e-08,0.0862068965517241,0.913843037692743
2.256591796875e-08,0.172413793103448,0.0590457650387751
2.256591796875e-08,0.258620689655172,8.77233258914404e-07
2.256591796875e-08,0.344827586206897,2.01885009136086e-07
2.256591796875e-08,0.431034482758621,1.13979066723303e-07
2.256591796875e-08,0.517241379310345,7.94043558304803e-08
2.256591796875e-08,0.603448275862069,6.09236128842358e-08
2.256591796875e-08,0.689655172413793,4.94212001577219e-08
2.256591796875e-08,0.775862068965517,4.1572360332214e-08
2.256591796875e-08,0.862068965517241,3.58748600902258e-08
2.256591796875e-08,0.948275862068966,3.15508152012391e-08
2.256591796875e-08,1.03448275862069,2.81570200377575e-08
2.256591796875e-08,1.12068965517241,2.54224233345881e-08
2.256591796875e-08,1.20689655172414,2.3171979258143e-08
2.256591796875e-08,1.29310344827586,2.12875571747313e-08
2.256591796875e-08,1.37931034482759,1.96865804375179e-08
2.256591796875e-08,1.46551724137931,1.83095693611897e-08
2.256591796875e-08,1.55172413793103,1.71125980024561e-08
2.256591796875e-08,1.63793103448276,1.60625219338652e-08
2.256591796875e-08,1.72413793103448,1.51338753950023e-08
2.256591796875e-08,1.81034482758621,1.43067322674502e-08
2.256591796875e-08,1.89655172413793,1.35653220209822e-08
2.256591796875e-08,1.98275862068966,1.28969665135106e-08
2.256591796875e-08,2.06896551724138,1.22913787660148e-08
2.256591796875e-08,2.1551724137931,1.17401015135574e-08
2.256591796875e-08,2.24137931034483,1.12361675944789e-08
2.256591796875e-08,2.32758620689655,1.07737118237635e-08
2.256591796875e-08,2.41379310344828,1.03478160670263e-08
2.256591796875e-08,2.5,9.9543122914961e-09
3.3848876953125e-08,0,0.999999999999986
3.3848876953125e-08,0.0862068965517241,0.981518599476353
3.3848876953125e-08,0.172413793103448,0.803904691161214
3.3848876953125e-08,0.258620689655172,0.456795110705283
3.3848876953125e-08,0.344827586206897,1.12979969991589e-05
3.3848876953125e-08,0.431034482758621,4.15541403838538e-07
3.3848876953125e-08,0.517241379310345,2.01885003905755e-07
3.3848876953125e-08,0.603448275862069,1.33330977034543e-07
3.3848876953125e-08,0.689655172413793,9.95327055383768e-08
3.3848876953125e-08,0.775862068965517,7.94043679143485e-08
3.3848876953125e-08,0.862068965517241,6.60476551219581e-08
3.3848876953125e-08,0.948275862068966,5.65374197589673e-08
3.3848876953125e-08,1.03448275862069,4.94212272111584e-08
3.3848876953125e-08,1.12068965517241,4.38961625068559e-08
3.3848876953125e-08,1.20689655172414,3.94822282468135e-08
3.3848876953125e-08,1.29310344827586,3.58748591884446e-08
3.3848876953125e-08,1.37931034482759,3.28714970551033e-08
3.3848876953125e-08,1.46551724137931,3.03321610542835e-08
3.3848876953125e-08,1.55172413793103,2.81570169717014e-08
3.3848876953125e-08,1.63793103448276,2.62729521740067e-08
3.3848876953125e-08,1.72413793103448,2.46252202451222e-08
3.3848876953125e-08,1.81034482758621,2.31719788974305e-08
3.3848876953125e-08,1.89655172413793,2.18806940290053e-08
3.3848876953125e-08,1.98275862068966,2.07257278195763e-08
3.3848876953125e-08,2.06896551724138,1.9686578994668e-08
3.3848876953125e-08,2.1551724137931,1.87466567638614e-08
3.3848876953125e-08,2.24137931034483,1.78923985180542e-08
3.3848876953125e-08,2.32758620689655,1.71125992649498e-08
3.3848876953125e-08,2.41379310344828,1.6397933504658e-08
3.3848876953125e-08,2.5,1.57405647584291e-08
4.51318359375e-08,0,0.999999999999994
4.51318359375e-08,0.0862068965517241,0.995392487156249
4.51318359375e-08,0.172413793103448,0.914443415679931
4.51318359375e-08,0.258620689655172,0.733019604722505
4.51318359375e-08,0.344827586206897,0.471170410468731
4.51318359375e-08,0.431034482758621,0.00141531097793442
4.51318359375e-08,0.517241379310345,8.82508274657631e-07
4.51318359375e-08,0.603448275862069,3.28601185781369e-07
4.51318359375e-08,0.689655172413793,2.01884999577205e-07
4.51318359375e-08,0.775862068965517,1.45699794098035e-07
4.51318359375e-08,0.862068965517241,1.13979067084016e-07
4.51318359375e-08,0.948275862068966,9.36009279476777e-08
4.51318359375e-08,1.03448275862069,7.94043334663062e-08
4.51318359375e-08,1.12068965517241,6.89470018422388e-08
4.51318359375e-08,1.20689655172414,6.09236092771109e-08
4.51318359375e-08,1.29310344827586,5.45729232912331e-08
4.51318359375e-08,1.37931034482759,4.94212304575707e-08
4.51318359375e-08,1.46551724137931,4.51582812458328e-08
4.51318359375e-08,1.55172413793103,4.15723594304328e-08
4.51318359375e-08,1.63793103448276,3.85140409463477e-08
4.51318359375e-08,1.72413793103448,3.58748667634068e-08
4.51318359375e-08,1.81034482758621,3.35741932929854e-08
4.51318359375e-08,1.89655172413793,3.15508220547763e-08
4.51318359375e-08,1.98275862068966,2.97574670686858e-08
4.51318359375e-08,2.06896551724138,2.81570081342455e-08
4.51318359375e-08,2.1551724137931,2.67199306737461e-08
4.51318359375e-08,2.24137931034483,2.5422418825682e-08
4.51318359375e-08,2.32758620689655,2.42450888028582e-08
4.51318359375e-08,2.41379310344828,2.31719774545805e-08
4.51318359375e-08,2.5,2.21898264327283e-08
5.6414794921875e-08,0,0.999999999999993
5.6414794921875e-08,0.0862068965517241,0.998833621702403
5.6414794921875e-08,0.172413793103448,0.960595207402912
5.6414794921875e-08,0.258620689655172,0.853393292817297
5.6414794921875e-08,0.344827586206897,0.686208360400704
5.6414794921875e-08,0.431034482758621,0.471277749310118
5.6414794921875e-08,0.517241379310345,0.138039510837051
5.6414794921875e-08,0.603448275862069,2.66749276808486e-06
5.6414794921875e-08,0.689655172413793,5.27110336001964e-07
5.6414794921875e-08,0.775862068965517,2.9195157100215e-07
5.6414794921875e-08,0.862068965517241,2.01884970179138e-07
5.6414794921875e-08,0.948275862068966,1.5428745209009e-07
5.6414794921875e-08,1.03448275862069,1.24851780778003e-07
5.6414794921875e-08,1.12068965517241,1.04848332096796e-07
5.6414794921875e-08,1.20689655172414,9.03695394326447e-08
5.6414794921875e-08,1.29310344827586,7.94043673732798e-08
5.6414794921875e-08,1.37931034482759,7.08122183304234e-08
5.6414794921875e-08,1.46551724137931,6.38979802265594e-08
5.6414794921875e-08,1.55172413793103,5.82138387911192e-08
5.6414794921875e-08,1.63793103448276,5.34584187423828e-08
5.6414794921875e-08,1.72413793103448,4.94212355075455e-08
5.6414794921875e-08,1.81034482758621,4.59509999576777e-08
5.6414794921875e-08,1.89655172413793,4.29361473281076e-08
5.6414794921875e-08,1.98275862068966,4.02925410708562e-08
5.6414794921875e-08,2.06896551724138,3.79555914671828e-08
5.6414794921875e-08,2.1551724137931,3.58748642384194e-08
5.6414794921875e-08,2.24137931034483,3.40104140839105e-08
5.6414794921875e-08,2.32758620689655,3.23301821404295e-08
5.6414794921875e-08,2.41379310344828,3.08081512985274e-08
5.6414794921875e-08,2.5,2.94229859557496e-08
6.769775390625e-08,0,0.999999999999988
6.769775390625e-08,0.0862068965517241,0.999699681597175
6.769775390625e-08,0.172413793103448,0.98151996310755
6.769775390625e-08,0.258620689655172,0.914443416734646
6.769775390625e-08,0.344827586206897,0.803908029843747
6.769775390625e-08,0.431034482758621,0.653378134943983
6.769775390625e-08,0.517241379310345,0.471278534376338
6.769775390625e-08,0.603448275862069,0.259809460457649
6.769775390625e-08,0.689655172413793,4.04800437761144e-05
6.769775390625e-08,0.775862068965517,8.82540093466699e-07
6.769775390625e-08,0.862068965517241,4.15541437925867e-07
6.769775390625e-08,0.948275862068966,2.71746009163504e-07
6.769775390625e-08,1.03448275862069,2.01884932484683e-07
6.769775390625e-08,1.12068965517241,1.60598106204315e-07
6.769775390625e-08,1.20689655172414,1.33330990020192e-07
6.769775390625e-08,1.29310344827586,1.13979070150072e-07
6.769775390625e-08,1.37931034482759,9.95326920116586e-08
6.769775390625e-08,1.46551724137931,8.83363999199692e-08
6.769775390625e-08,1.55172413793103,7.94043415823371e-08
6.769775390625e-08,1.63793103448276,7.21127102046873e-08
6.769775390625e-08,1.72413793103448,6.60476540398207e-08
6.769775390625e-08,1.81034482758621,6.09236314609288e-08
6.769775390625e-08,1.89655172413793,5.653741579113e-08
6.769775390625e-08,1.98275862068966,5.27403460526645e-08
6.769775390625e-08,2.06896551724138,4.94212149469339e-08
6.769775390625e-08,2.1551724137931,4.64951340207828e-08
6.769775390625e-08,2.24137931034483,4.38961635889934e-08
6.769775390625e-08,2.32758620689655,4.15723579875828e-08
6.769775390625e-08,2.41379310344828,3.94822228361262e-08
6.769775390625e-08,2.5,3.75921873450136e-08
7.8980712890625e-08,0,0.999999999999994
7.8980712890625e-08,0.0862068965517241,0.99992202685651
7.8980712890625e-08,0.172413793103448,0.990813007826298
7.8980712890625e-08,0.258620689655172,0.948835417753114
7.8980712890625e-08,0.344827586206897,0.872545623584268
7.8980712890625e-08,0.431034482758621,0.764599755522922
7.8980712890625e-08,0.517241379310345,0.629157663244917
7.8980712890625e-08,0.603448275862069,0.471278540117646
7.8980712890625e-08,0.689655172413793,0.291920448219392
7.8980712890625e-08,0.775862068965517,0.00537319890260618
7.8980712890625e-08,0.862068965517241,1.70240153159866e-06
7.8980712890625e-08,0.948275862068966,5.95650171181499e-07
7.8980712890625e-08,1.03448275862069,3.60967862646817e-07
7.8980712890625e-08,1.12068965517241,2.5894512004374e-07
7.8980712890625e-08,1.20689655172414,2.01885000659343e-07
7.8980712890625e-08,1.29310344827586,1.65431210917157e-07
7.8980712890625e-08,1.37931034482759,1.40128574427638e-07
7.8980712890625e-08,1.46551724137931,1.21539155482662e-07
7.8980712890625e-08,1.55172413793103,1.07304311229674e-07
7.8980712890625e-08,1.63793103448276,9.60542700919301e-08
7.8980712890625e-08,1.72413793103448,8.69393380990601e-08
7.8980712890625e-08,1.81034482758621,7.9404363766155e-08
7.8980712890625e-08,1.89655172413793,7.3071313554767e-08
7.8980712890625e-08,1.98275862068966,6.76738353816092e-08
7.8980712890625e-08,2.06896551724138,6.30189201116672e-08
7.8980712890625e-08,2.1551724137931,5.89631701034148e-08
7.8980712890625e-08,2.24137931034483,5.53978833868224e-08
7.8980712890625e-08,2.32758620689655,5.22391650912761e-08
7.8980712890625e-08,2.41379310344828,4.94212210790461e-08
7.8980712890625e-08,2.5,4.68917547129011e-08
9.0263671875e-08,0,0.999999999999996
9.0263671875e-08,0.0862068965517241,0.99997980562773
9.0263671875e-08,0.172413793103448,0.995392536841755
9.0263671875e-08,0.258620689655172,0.969508449326422
9.0263671875e-08,0.344827586206897,0.914443416734421
9.0263671875e-08,0.431034482758621,0.835591405946844
9.0263671875e-08,0.517241379310345,0.733019623051418
9.0263671875e-08,0.603448275862069,0.610625603662308
9.0263671875e-08,0.689655172413793,0.471278540159622
9.0263671875e-08,0.775862068965517,0.315454980616784
9.0263671875e-08,0.862068965517241,0.132927230100449
9.0263671875e-08,0.948275862068966,5.39050896607822e-06
9.0263671875e-08,1.03448275862069,8.82540294383553e-07
9.0263671875e-08,1.12068965517241,4.78893429666433e-07
9.0263671875e-08,1.20689655172414,3.28601144660145e-07
9.0263671875e-08,1.29310344827586,2.50108839347778e-07
9.0263671875e-08,1.37931034482759,2.01884985689775e-07
9.0263671875e-08,1.46551724137931,1.69251338840552e-07
9.0263671875e-08,1.55172413793103,1.45699784358798e-07
9.0263671875e-08,1.63793103448276,1.27902034091622e-07
9.0263671875e-08,1.72413793103448,1.13979071953635e-07
9.0263671875e-08,1.81034482758621,1.02789736021874e-07
9.0263671875e-08,1.89655172413793,9.36009400315459e-08
9.0263671875e-08,1.98275862068966,8.59201783368976e-08
9.0263671875e-08,2.06896551724138,7.94043628643737e-08
9.0263671875e-08,2.1551724137931,7.38071540397448e-08
9.0263671875e-08,2.24137931034483,6.89470741650922e-08
9.0263671875e-08,2.32758620689655,6.46875042882756e-08
9.0263671875e-08,2.41379310344828,6.09236305591476e-08
9.0263671875e-08,2.5,5.75736781947285e-08
1.01546630859375e-07,0,0.999999999999992
1.01546630859375e-07,0.0862068965517241,0.999994766632563
1.01546630859375e-07,0.172413793103448,0.997694485738201
1.01546630859375e-07,0.258620689655172,0.981519963107714
1.01546630859375e-07,0.344827586206897,0.941649875460884
1.01546630859375e-07,0.431034482758621,0.882599142077148
1.01546630859375e-07,0.517241379310345,0.803908029843675
1.01546630859375e-07,0.603448275862069,0.707380007477447
1.01546630859375e-07,0.689655172413793,0.595958105999199
1.01546630859375e-07,0.775862068965517,0.471278540159928
1.01546630859375e-07,0.862068965517241,0.333363830287694
1.01546630859375e-07,0.948275862068966,0.185461300489215
1.01546630859375e-07,1.03448275862069,0.000115675602450002
1.01546630859375e-07,1.12068965517241,1.41118089322741e-06
1.01546630859375e-07,1.20689655172414,6.42029426316282e-07
1.01546630859375e-07,1.29310344827586,4.15541401493906e-07
1.01546630859375e-07,1.37931034482759,3.07178166639795e-07
1.01546630859375e-07,1.46551724137931,2.43642369343285e-07
1.01546630859375e-07,1.55172413793103,2.01884903627684e-07
1.01546630859375e-07,1.63793103448276,1.72346818465973e-07
1.01546630859375e-07,1.72413793103448,1.50348962857369e-07
1.01546630859375e-07,1.81034482758621,1.33330959539987e-07
1.01546630859375e-07,1.89655172413793,1.19773789981892e-07
1.01546630859375e-07,1.98275862068966,1.08719143731543e-07
1.01546630859375e-07,2.06896551724138,9.95326719921156e-08
1.01546630859375e-07,2.1551724137931,9.17777214784162e-08
1.01546630859375e-07,2.24137931034483,8.51438639271166e-08
1.01546630859375e-07,2.32758620689655,7.94043542072741e-08
1.01546630859375e-07,2.41379310344828,7.43897582697955e-08
1.01546630859375e-07,2.5,6.99709516858538e-08
1.1282958984375e-07,0,0.99999999999999
1.1282958984375e-07,0.0862068965517241,0.999998646574464
1.1282958984375e-07,0.172413793103448,0.9988336268343
1.1282958984375e-07,0.258620689655172,0.988420286445461
1.1282958984375e-07,0.344827586206897,0.960595207408591
1.1282958984375e-07,0.431034482758621,0.914443416734591
1.1282958984375e-07,0.517241379310345,0.853393292818683
1.1282958984375e-07,0.603448275862069,0.776763135855802
1.1282958984375e-07,0.689655172413793,0.686208360508672
1.1282958984375e-07,0.775862068965517,0.584073853663484
1.1282958984375e-07,0.862068965517241,0.471278540159946
1.1282958984375e-07,0.948275862068966,0.347565856506765
1.1282958984375e-07,1.03448275862069,0.215938018632313
1.1282958984375e-07,1.12068965517241,0.0150028887817263
1.1282958984375e-07,1.20689655172414,2.70895224470719e-06
1.1282958984375e-07,1.29310344827586,8.82540297088897e-07
1.1282958984375e-07,1.37931034482759,5.27110051760525e-07
1.1282958984375e-07,1.46551724137931,3.75773096683668e-07
1.1282958984375e-07,1.55172413793103,2.91951612484086e-07
1.1282958984375e-07,1.63793103448276,2.38705072468264e-07
1.1282958984375e-07,1.72413793103448,2.01884994707587e-07
1.1282958984375e-07,1.81034482758621,1.74905838907844e-07
1.1282958984375e-07,1.89655172413793,1.54287495014875e-07
1.1282958984375e-07,1.98275862068966,1.38017621296143e-07
1.1282958984375e-07,2.06896551724138,1.24851802601108e-07
1.1282958984375e-07,2.1551724137931,1.13979072314347e-07
1.1282958984375e-07,2.24137931034483,1.04848332818221e-07
1.1282958984375e-07,2.32758620689655,9.7071988447e-08
1.1282958984375e-07,2.41379310344828,9.03695383505072e-08
1.1282958984375e-07,2.5,8.4532841865669e-08
1.24112548828125e-07,0,0.999999999999994
1.24112548828125e-07,0.0862068965517241,0.99999964973293
1.24112548828125e-07,0.172413793103448,0.999408554723905
1.24112548828125e-07,0.258620689655172,0.992725494771547
1.24112548828125e-07,0.344827586206897,0.973048331189225
1.24112548828125e-07,0.431034482758621,0.936952591676157
1.24112548828125e-07,0.517241379310345,0.888779502210385
1.24112548828125e-07,0.603448275862069,0.827196562554306
1.24112548828125e-07,0.689655172413793,0.753299511595756
1.24112548828125e-07,0.775862068965517,0.668458683345043
1.24112548828125e-07,0.862068965517241,0.574251963217926
1.24112548828125e-07,0.948275862068966,0.471278540159918
1.24112548828125e-07,1.03448275862069,0.359097723469698
1.24112548828125e-07,1.12068965517241,0.240445206855701
1.24112548828125e-07,1.20689655172414,0.111603488577031
1.24112548828125e-07,1.29310344827586,9.8208630505446e-06
1.24112548828125e-07,1.37931034482759,1.27258597774972e-06
1.24112548828125e-07,1.46551724137931,6.75499927574951e-07
1.24112548828125e-07,1.55172413793103,4.59776347692227e-07
1.24112548828125e-07,1.63793103448276,3.48485927590689e-07
1.24112548828125e-07,1.72413793103448,2.8057237802143e-07
1.24112548828125e-07,1.81034482758621,2.34811804317014e-07
1.24112548828125e-07,1.89655172413793,2.01884997773643e-07
1.24112548828125e-07,1.98275862068966,1.77056895332063e-07
1.24112548828125e-07,2.06896551724138,1.57666837691553e-07
1.24112548828125e-07,2.1551724137931,1.4210450908829e-07
1.24112548828125e-07,2.24137931034483,1.29338301391879e-07
1.24112548828125e-07,2.32758620689655,1.18676790629612e-07
1.24112548828125e-07,2.41379310344828,1.09639099985202e-07
1.24112548828125e-07,2.5,1.01880504111123e-07
1.353955078125e-07,0,0.999999999999993
1.353955078125e-07,0.0862068965517241,0.999999909269733
1.353955078125e-07,0.172413793103448,0.999699682436729
1.353955078125e-07,0.258620689655172,0.995392536841757
1.353955078125e-07,0.344827586206897,0.981519963107712
1.353955078125e-07,0.431034482758621,0.95394436640364
1.353955078125e-07,0.517241379310345,0.914443416734646
1.353955078125e-07,0.603448275862069,0.864738715712699
1.353955078125e-07,0.689655172413793,0.803908029843745
1.353955078125e-07,0.775862068965517,0.733019623051416
1.353955078125e-07,0.862068965517241,0.653378134944654
1.353955078125e-07,0.948275862068966,0.565999923207914
1.353955078125e-07,1.03448275862069,0.47127854015995
1.353955078125e-07,1.12068965517241,0.368714439524785
1.353955078125e-07,1.20689655172414,0.260638221703162
1.353955078125e-07,1.29310344827586,0.1465349234244
1.353955078125e-07,1.37931034482759,0.000308250487361493
1.353955078125e-07,1.46551724137931,2.01452445554946e-06
1.353955078125e-07,1.55172413793103,8.82540293842484e-07
1.353955078125e-07,1.63793103448276,5.65037015281288e-07
1.353955078125e-07,1.72413793103448,4.15541327728203e-07
1.353955078125e-07,1.81034482758621,3.28601017689351e-07
1.353955078125e-07,1.89655172413793,2.71745736645221e-07
1.353955078125e-07,1.98275862068966,2.31663163426534e-07
1.353955078125e-07,2.06896551724138,2.0188492545079e-07
1.353955078125e-07,2.1551724137931,1.78890254414944e-07
1.353955078125e-07,2.24137931034483,1.60598073018767e-07
1.353955078125e-07,2.32758620689655,1.45699777685617e-07
1.353955078125e-07,2.41379310344828,1.33330965672099e-07
1.353955078125e-07,2.5,1.22897863827115e-07
1.46678466796875e-07,0,0.999999999999986
1.46678466796875e-07,0.0862068965517241,0.999999976482773
1.46678466796875e-07,0.172413793103448,0.999846736044156
1.46678466796875e-07,0.258620689655172,0.997102397013089
1.46678466796875e-07,0.344827586206897,0.987285312695514
1.46678466796875e-07,0.431034482758621,0.96623839748272
1.46678466796875e-07,0.517241379310345,0.933645898872511
1.46678466796875e-07,0.603448275862069,0.89295724914392
1.46678466796875e-07,0.689655172413793,0.842547534510438
1.46678466796875e-07,0.775862068965517,0.783178278070486
1.46678466796875e-07,0.862068965517241,0.715367686156882
1.46678466796875e-07,0.948275862068966,0.640415061215795
1.46678466796875e-07,1.03448275862069,0.558970068439426
1.46678466796875e-07,1.12068965517241,0.471278540159939
1.46678466796875e-07,1.20689655172414,0.376819861174669
1.46678466796875e-07,1.29310344827586,0.277554783561943
1.46678466796875e-07,1.37931034482759,0.17374371616463
1.46678466796875e-07,1.46551724137931,0.0300812308877437
1.46678466796875e-07,1.55172413793103,3.97337044840695e-06
1.46678466796875e-07,1.63793103448276,1.19156728529334e-06
1.46678466796875e-07,1.72413793103448,7.0079252958419e-07
1.46678466796875e-07,1.81034482758621,4.96356413857809e-07
1.46678466796875e-07,1.89655172413793,3.84259531718369e-07
1.46678466796875e-07,1.98275862068966,3.13466417081896e-07
1.46678466796875e-07,2.06896551724138,2.64700038138473e-07
1.46678466796875e-07,2.1551724137931,2.29064210308944e-07
1.46678466796875e-07,2.24137931034483,2.01884981541581e-07
1.46678466796875e-07,2.32758620689655,1.80471315674759e-07
1.46678466796875e-07,2.41379310344828,1.63164864650428e-07
1.46678466796875e-07,2.5,1.48887148997101e-07
1.5796142578125e-07,0,0.99999999999999
1.5796142578125e-07,0.0862068965517241,0.999999993912566
1.5796142578125e-07,0.172413793103448,0.999922027026304
1.5796142578125e-07,0.258620689655172,0.998167140835515
1.5796142578125e-07,0.344827586206897,0.990813007826313
1.5796142578125e-07,0.431034482758621,0.975017701421614
1.5796142578125e-07,0.517241379310345,0.948835417753113
1.5796142578125e-07,0.603448275862069,0.914443416734366
1.5796142578125e-07,0.689655172413793,0.872545623584266
1.5796142578125e-07,0.775862068965517,0.822315780433508
1.5796142578125e-07,0.862068965517241,0.764599755522936
1.5796142578125e-07,0.948275862068966,0.699885306844235
1.5796142578125e-07,1.03448275862069,0.629157663244919
1.5796142578125e-07,1.12068965517241,0.552910111208452
1.5796142578125e-07,1.20689655172414,0.471278540159922
1.5796142578125e-07,1.29310344827586,0.383744384750823
1.5796142578125e-07,1.37931034482759,0.291926107305272
1.5796142578125e-07,1.46551724137931,0.196466926858217
1.5796142578125e-07,1.55172413793103,0.0954155295542626
1.5796142578125e-07,1.63793103448276,1.75649753234816e-05
1.5796142578125e-07,1.72413793103448,1.70256098581541e-06
1.5796142578125e-07,1.81034482758621,8.82540201319732e-07
1.5796142578125e-07,1.89655172413793,5.95650154588725e-07
1.5796142578125e-07,1.98275862068966,4.49522185932825e-07
1.5796142578125e-07,2.06896551724138,3.6096785146473e-07
1.5796142578125e-07,2.1551724137931,3.01561220710091e-07
1.5796142578125e-07,2.24137931034483,2.58945074233254e-07
1.5796142578125e-07,2.32758620689655,2.26882446791538e-07
1.5796142578125e-07,2.41379310344828,2.01884983164787e-07
1.5796142578125e-07,2.5,1.81849218071639e-07
1.69244384765625e-07,0,0.999999999999989
1.69244384765625e-07,0.0862068965517241,0.999999998427174
1.69244384765625e-07,0.172413793103448,0.999960322399935
1.69244384765625e-07,0.258620689655172,0.9988336268343
1.69244384765625e-07,0.344827586206897,0.993524878196384
1.69244384765625e-07,0.431034482758621,0.981519963107715
1.69244384765625e-07,0.517241379310345,0.960595207408571
1.69244384765625e-07,0.603448275862069,0.931190538893506
1.69244384765625e-07,0.689655172413793,0.895967908114143
1.69244384765625e-07,0.775862068965517,0.85339329281865
1.69244384765625e-07,0.862068965517241,0.803908029843735
1.69244384765625e-07,0.948275862068966,0.74795389555747
1.69244384765625e-07,1.03448275862069,0.686208360508691
1.69244384765625e-07,1.12068965517241,0.619327598039366
1.69244384765625e-07,1.20689655172414,0.547632602309223
1.69244384765625e-07,1.29310344827586,0.471278540159943
1.69244384765625e-07,1.37931034482759,0.389625365387921
1.69244384765625e-07,1.46551724137931,0.304176958439705
1.69244384765625e-07,1.55172413793103,0.215938711746669
1.69244384765625e-07,1.63793103448276,0.123055526310057
1.69244384765625e-07,1.72413793103448,0.000793768232962237
1.69244384765625e-07,1.81034482758621,2.70959776134293e-06
1.69244384765625e-07,1.89655172413793,1.13841750189287e-06
1.69244384765625e-07,1.98275862068966,7.20578521841671e-07
1.69244384765625e-07,2.06896551724138,5.27110271975498e-07
1.69244384765625e-07,2.1551724137931,4.15541376424389e-07
1.69244384765625e-07,2.24137931034483,3.42951657864467e-07
1.69244384765625e-07,2.32758620689655,2.91951412288656e-07
1.69244384765625e-07,2.41379310344828,2.5415617591766e-07
1.69244384765625e-07,2.5,2.25024860815274e-07
1.8052734375e-07,0,0.999999999999987
1.8052734375e-07,0.0862068965517241,0.999999999592522
1.8052734375e-07,0.172413793103448,0.99997980566569
1.8052734375e-07,0.258620689655172,0.99925846593827
1.8052734375e-07,0.344827586206897,0.995392536841758
1.8052734375e-07,0.431034482758621,0.986297146760535
1.8052734375e-07,0.517241379310345,0.969508449326424
1.8052734375e-07,0.603448275862069,0.944826059512566
1.8052734375e-07,0.689655172413793,0.914443416734419
1.8052734375e-07,0.775862068965517,0.878251514493402
1.8052734375e-07,0.862068965517241,0.835591405946843
1.8052734375e-07,0.948275862068966,0.787148247255873
1.8052734375e-07,1.03448275862069,0.733019623051418
1.8052734375e-07,1.12068965517241,0.674046362216932
1.8052734375e-07,1.20689655172414,0.61062560366231
1.8052734375e-07,1.29310344827586,0.542995396320921
1.8052734375e-07,1.37931034482759,0.471278540159737
1.8052734375e-07,1.46551724137931,0.395102278488657
1.8052734375e-07,1.55172413793103,0.315455018092831
1.8052734375e-07,1.63793103448276,0.232818648663264
1.8052734375e-07,1.72413793103448,0.14655453950448
1.8052734375e-07,1.81034482758621,0.0424019304387647
1.8052734375e-07,1.89655172413793,5.60699774898331e-06
1.8052734375e-07,1.98275862068966,1.52539508876125e-06
1.8052734375e-07,2.06896551724138,8.82540018618858e-07
1.8052734375e-07,2.1551724137931,6.20878615425199e-07
1.8052734375e-07,2.24137931034483,4.78893440668164e-07
1.8052734375e-07,2.32758620689655,3.89760964524534e-07
1.8052734375e-07,2.41379310344828,3.28601178386763e-07
1.8052734375e-07,2.5,2.84031945860249e-07
1.91810302734375e-07,0,0.999999999999981
1.91810302734375e-07,0.0862068965517241,0.999999999894528
1.91810302734375e-07,0.172413793103448,0.999989720273635
1.91810302734375e-07,0.258620689655172,0.99952879201293
1.91810302734375e-07,0.344827586206897,0.996765681909857
1.91810302734375e-07,0.431034482758621,0.98944556535161
1.91810302734375e-07,0.517241379310345,0.976245377004226
1.91810302734375e-07,0.603448275862069,0.955953681458275
1.91810302734375e-07,0.689655172413793,0.92929418144118
1.91810302734375e-07,0.775862068965517,0.898239760839663
1.91810302734375e-07,0.862068965517241,0.861448967357849
1.91810302734375e-07,0.948275862068966,0.819125477188067
1.91810302734375e-07,1.03448275862069,0.771798180067955
1.91810302734375e-07,1.12068965517241,0.719561154492502
1.91810302734375e-07,1.20689655172414,0.663165949181573
1.91810302734375e-07,1.29310344827586,0.602886577521916
1.91810302734375e-07,1.37931034482759,0.538888765950245
1.91810302734375e-07,1.46551724137931,0.471278540159943
1.91810302734375e-07,1.55172413793103,0.39979960771955
1.91810302734375e-07,1.63793103448276,0.324956699862671
1.91810302734375e-07,1.72413793103448,0.247596405373425
1.91810302734375e-07,1.81034482758621,0.167442674809167
1.91810302734375e-07,1.89655172413793,0.0839407330561625
1.91810302734375e-07,1.98275862068966,3.20852406701193e-05
1.91810302734375e-07,2.06896551724138,2.17892458100861e-06
1.91810302734375e-07,2.1551724137931,1.10086721923874e-06
1.91810302734375e-07,2.24137931034483,7.36479425644581e-07
1.91810302734375e-07,2.32758620689655,5.53327330126654e-07
1.91810302734375e-07,2.41379310344828,4.43127429177593e-07
1.91810302734375e-07,2.5,3.6953211977708e-07
2.0309326171875e-07,0,0.999999999999983
2.0309326171875e-07,0.0862068965517241,0.999999999972672
2.0309326171875e-07,0.172413793103448,0.999994766641554
2.0309326171875e-07,0.258620689655172,0.999699682436729
2.0309326171875e-07,0.344827586206897,0.997694485738201
2.0309326171875e-07,0.431034482758621,0.992015414322969
2.0309326171875e-07,0.517241379310345,0.981519963107714
2.0309326171875e-07,0.603448275862069,0.964721831404216
2.0309326171875e-07,0.689655172413793,0.941649875460879
2.0309326171875e-07,0.775862068965517,0.914443416734377
2.0309326171875e-07,0.862068965517241,0.882599142077137
2.0309326171875e-07,0.948275862068966,0.845595456539251
2.0309326171875e-07,1.03448275862069,0.803908029843677
2.0309326171875e-07,1.12068965517241,0.757719209723785
2.0309326171875e-07,1.20689655172414,0.707380007477457
2.0309326171875e-07,1.29310344827586,0.653378134944636
2.0309326171875e-07,1.37931034482759,0.595958105999227
2.0309326171875e-07,1.46551724137931,0.535226671164655
2.0309326171875e-07,1.55172413793103,0.471278540159938
2.0309326171875e-07,1.63793103448276,0.403935121390574
2.0309326171875e-07,1.72413793103448,0.333363830540742
2.0309326171875e-07,1.81034482758621,0.260638221728574
2.0309326171875e-07,1.89655172413793,0.185565907434486
2.0309326171875e-07,1.98275862068966,0.107242861586048
2.0309326171875e-07,2.06896551724138,0.00197101150263731
2.0309326171875e-07,2.1551724137931,3.51901871943637e-06
2.0309326171875e-07,2.24137931034483,1.41118171312689e-06
2.0309326171875e-07,2.32758620689655,8.82540236308843e-07
2.0309326171875e-07,2.41379310344828,6.4202935489521e-07
2.0309326171875e-07,2.5,5.04533254776806e-07
2.14376220703125e-07,0,0.999999999999982
2.14376220703125e-07,0.0862068965517241,0.999999999992911
2.14376220703125e-07,0.172413793103448,0.999997338772237
2.14376220703125e-07,0.258620689655172,0.99980768693689
2.14376220703125e-07,0.344827586206897,0.998362792287723
2.14376220703125e-07,0.431034482758621,0.994079786298948
2.14376220703125e-07,0.517241379310345,0.985608400883832
2.14376220703125e-07,0.603448275862069,0.971633599293682
2.14376220703125e-07,0.689655172413793,0.952097801011082
2.14376220703125e-07,0.775862068965517,0.927784845863626
2.14376220703125e-07,0.862068965517241,0.900014674369965
2.14376220703125e-07,0.948275862068966,0.867641077140667
2.14376220703125e-07,1.03448275862069,0.830754066262045
2.14376220703125e-07,1.12068965517241,0.789842272235397
2.14376220703125e-07,1.20689655172414,0.744838242693781
2.14376220703125e-07,1.29310344827586,0.696309274970921
2.14376220703125e-07,1.37931034482759,0.644528591296108
2.14376220703125e-07,1.46551724137931,0.589719795330936
2.14376220703125e-07,1.55172413793103,0.531940702127523
2.14376220703125e-07,1.63793103448276,0.471278540159925
2.14376220703125e-07,1.72413793103448,0.407603198448229
2.14376220703125e-07,1.81034482758621,0.340853229472278
2.14376220703125e-07,1.89655172413793,0.272229945964119
2.14376220703125e-07,1.98275862068966,0.201609101056618
2.14376220703125e-07,2.06896551724138,0.127999846720977
2.14376220703125e-07,2.1551724137931,0.0471672865633965
2.14376220703125e-07,2.24137931034483,7.79176328757336e-06
2.14376220703125e-07,2.32758620689655,1.88713278074842e-06
2.14376220703125e-07,2.41379310344828,1.07292763344089e-06
2.14376220703125e-07,2.5,7.4953700299943e-07
2.256591796875e-07,0,0.999999999999979
2.256591796875e-07,0.0862068965517241,0.999999999998151
2.256591796875e-07,0.172413793103448,0.999998646576664
2.256591796875e-07,0.258620689655172,0.999877667485296
2.256591796875e-07,0.344827586206897,0.9988336268343
2.256591796875e-07,0.431034482758621,0.995392536841757
2.256591796875e-07,0.517241379310345,0.988420286445465
2.256591796875e-07,0.603448275862069,0.977082961870739
2.256591796875e-07,0.689655172413793,0.960595207408591
2.256591796875e-07,0.775862068965517,0.939077701500157
2.256591796875e-07,0.862068965517241,0.914443416734593
2.256591796875e-07,0.948275862068966,0.886019540575205
2.256591796875e-07,1.03448275862069,0.853393292818672
2.256591796875e-07,1.12068965517241,0.8168773256764
2.256591796875e-07,1.20689655172414,0.776763135855785
2.256591796875e-07,1.29310344827586,0.733019623051415
2.256591796875e-07,1.37931034482759,0.68620836050869
2.256591796875e-07,1.46551724137931,0.636490249807172
2.256591796875e-07,1.55172413793103,0.584073853663488
2.256591796875e-07,1.63793103448276,0.528975788207567
2.256591796875e-07,1.72413793103448,0.471278540159939
2.256591796875e-07,1.81034482758621,0.410883985857499
2.256591796875e-07,1.89655172413793,0.347565856508492
2.256591796875e-07,1.98275862068966,0.282598420519595
2.256591796875e-07,2.06896551724138,0.215938711750289
2.256591796875e-07,2.1551724137931,0.146554564982337
2.256591796875e-07,2.24137931034483,0.0756117562994047
2.256591796875e-07,2.32758620689655,6.10701206609552e-05
2.256591796875e-07,2.41379310344828,2.70960786093181e-06
2.256591796875e-07,2.5,1.33142934712063e-06
2.36942138671875e-07,0,0.999999999999975
2.36942138671875e-07,0.0862068965517241,0.999999999999508
2.36942138671875e-07,0.172413793103448,0.999999311553843
2.36942138671875e-07,0.258620689655172,0.999922027026304
2.36942138671875e-07,0.344827586206897,0.999170412178342
2.36942138671875e-07,0.431034482758621,0.996538704115189
2.36942138671875e-07,0.517241379310345,0.990813007826313
2.36942138671875e-07,0.603448275862069,0.981519963107714
2.36942138671875e-07,0.689655172413793,0.967507302697193
2.36942138671875e-07,0.775862068965517,0.948835417753179
2.36942138671875e-07,0.862068965517241,0.926554705682141
2.36942138671875e-07,0.948275862068966,0.901439451793189
2.36942138671875e-07,1.03448275862069,0.872545623584327
2.36942138671875e-07,1.12068965517241,0.839913589332843
2.36942138671875e-07,1.20689655172414,0.803908029843739
2.36942138671875e-07,1.29310344827586,0.764599755522933
2.36942138671875e-07,1.37931034482759,0.722144801278123
2.36942138671875e-07,1.46551724137931,0.676958441754345
2.36942138671875e-07,1.55172413793103,0.629157663244903
2.36942138671875e-07,1.63793103448276,0.578940050924978
2.36942138671875e-07,1.72413793103448,0.52628710080325
2.36942138671875e-07,1.81034482758621,0.471278540159946
2.36942138671875e-07,1.89655172413793,0.41383826513499
2.36942138671875e-07,1.98275862068966,0.353615003784459
2.36942138671875e-07,2.06896551724138,0.291926107305239
2.36942138671875e-07,2.1551724137931,0.228812229046879
2.36942138671875e-07,2.24137931034483,0.163521157755987
2.36942138671875e-07,2.32758620689655,0.096069878119477
2.36942138671875e-07,2.41379310344828,0.00457455508165595
2.36942138671875e-07,2.5,4.47348411619835e-06
2.4822509765625e-07,0,0.999999999999973
2.4822509765625e-07,0.0862068965517241,0.999999999999871
2.4822509765625e-07,0.172413793103448,0.999999649733481
2.4822509765625e-07,0.258620689655172,0.999950255161992
2.4822509765625e-07,0.344827586206897,0.999408554723904
2.4822509765625e-07,0.431034482758621,0.997343028043654
2.4822509765625e-07,0.517241379310345,0.992725494771547
2.4822509765625e-07,0.603448275862069,0.98509687829938
2.4822509765625e-07,0.689655172413793,0.973048331189223
2.4822509765625e-07,0.775862068965517,0.957031768864983
2.4822509765625e-07,0.862068965517241,0.936952591676154
2.4822509765625e-07,0.948275862068966,0.914443416734401
2.4822509765625e-07,1.03448275862069,0.888779502210383
2.4822509765625e-07,1.12068965517241,0.859636344327914
2.4822509765625e-07,1.20689655172414,0.827196562554297
2.4822509765625e-07,1.29310344827586,0.79178487407588
2.4822509765625e-07,1.37931034482759,0.753299511595772
2.4822509765625e-07,1.46551724137931,0.712110512563039
2.4822509765625e-07,1.55172413793103,0.668458683345053
2.4822509765625e-07,1.63793103448276,0.622476313402288
2.4822509765625e-07,1.72413793103448,0.57425196321785
2.4822509765625e-07,1.81034482758621,0.523837780045627
2.4822509765625e-07,1.89655172413793,0.471278540159838
2.4822509765625e-07,1.98275862068966,0.416513809980817
2.4822509765625e-07,2.06896551724138,0.359097723469666
2.4822509765625e-07,2.1551724137931,0.300294855824987
2.4822509765625e-07,2.24137931034483,0.24044521094282
2.4822509765625e-07,2.32758620689655,0.178592779665479
2.4822509765625e-07,2.41379310344828,0.114506696442931
2.4822509765625e-07,2.5,0.0473110466824635
2.59508056640625e-07,0,0.99999999999997
2.59508056640625e-07,0.0862068965517241,0.999999999999964
2.59508056640625e-07,0.172413793103448,0.999999821751591
2.59508056640625e-07,0.258620689655172,0.999968341644095
2.59508056640625e-07,0.344827586206897,0.99957908531191
2.59508056640625e-07,0.431034482758621,0.997992384020536
2.59508056640625e-07,0.517241379310345,0.994333483069458
2.59508056640625e-07,0.603448275862069,0.987590993373096
2.59508056640625e-07,0.689655172413793,0.977690896489083
2.59508056640625e-07,0.775862068965517,0.963847115665749
2.59508056640625e-07,0.862068965517241,0.946053873132664
2.59508056640625e-07,0.948275862068966,0.925532677856602
2.59508056640625e-07,1.03448275862069,0.902608311676008
2.59508056640625e-07,1.12068965517241,0.87652867000832
2.59508056640625e-07,1.20689655172414,0.84730624210827
2.59508056640625e-07,1.29310344827586,0.815207775036771
2.59508056640625e-07,1.37931034482759,0.780398617733752
2.59508056640625e-07,1.46551724137931,0.742798102781591
2.59508056640625e-07,1.55172413793103,0.7028268751278
2.59508056640625e-07,1.63793103448276,0.660623120995439
2.59508056640625e-07,1.72413793103448,0.616307789766831
2.59508056640625e-07,1.81034482758621,0.569954137233498
2.59508056640625e-07,1.89655172413793,0.521597240768585
2.59508056640625e-07,1.98275862068966,0.471278540159927
2.59508056640625e-07,2.06896551724138,0.418949053566238
2.59508056640625e-07,2.1551724137931,0.364130898848838
2.59508056640625e-07,2.24137931034483,0.308403914659573
2.59508056640625e-07,2.32758620689655,0.251007259144637
2.59508056640625e-07,2.41379310344828,0.192208923319533
2.59508056640625e-07,2.5,0.13121247996128
2.70791015625e-07,0,0.999999999999966
2.70791015625e-07,0.0862068965517241,0.99999999999999
2.70791015625e-07,0.172413793103448,0.999999909269873
2.70791015625e-07,0.258620689655172,0.99997980566569
2.70791015625e-07,0.344827586206897,0.999699682436729
2.70791015625e-07,0.431034482758621,0.998469258943883
2.70791015625e-07,0.517241379310345,0.995392536841757
2.70791015625e-07,0.603448275862069,0.989850689589513
2.70791015625e-07,0.689655172413793,0.98151996310771
2.70791015625e-07,0.775862068965517,0.969508449326425
2.70791015625e-07,0.862068965517241,0.95394436640364
2.70791015625e-07,0.948275862068966,0.935167213906477
2.70791015625e-07,1.03448275862069,0.914443416734646
2.70791015625e-07,1.12068965517241,0.891052772014265
2.70791015625e-07,1.20689655172414,0.8647387157127
2.70791015625e-07,1.29310344827586,0.83559140594687
2.70791015625e-07,1.37931034482759,0.80390802984373
2.70791015625e-07,1.46551724137931,0.769707915661958
2.70791015625e-07,1.55172413793103,0.733019623051409
2.70791015625e-07,1.63793103448276,0.694215596353061
2.70791015625e-07,1.72413793103448,0.653378134944648
2.70791015625e-07,1.81034482758621,0.61062560366227
2.70791015625e-07,1.89655172413793,0.565999923207921
2.70791015625e-07,1.98275862068966,0.519539892694175
2.70791015625e-07,2.06896551724138,0.471278540159937
2.70791015625e-07,2.1551724137931,0.421175434372384
2.70791015625e-07,2.24137931034483,0.36871443952473
2.70791015625e-07,2.32758620689655,0.315455018093093
2.70791015625e-07,2.41379310344828,0.260638221728526
2.70791015625e-07,2.5,0.204602738758867
2.82073974609375e-07,0,0.999999999999994
2.82073974609375e-07,0.0862068965517241,0.999999999999996
2.82073974609375e-07,0.172413793103448,0.999999953808832
2.82073974609375e-07,0.258620689655172,0.999987133179148
2.82073974609375e-07,0.344827586206897,0.999784942832847
2.82073974609375e-07,0.431034482758621,0.998833626834299
2.82073974609375e-07,0.517241379310345,0.996376954562278
2.82073974609375e-07,0.603448275862069,0.99168987086678
2.82073974609375e-07,0.689655172413793,0.984702025802796
2.82073974609375e-07,0.775862068965517,0.9741611809793
2.82073974609375e-07,0.862068965517241,0.9605952074086
2.82073974609375e-07,0.948275862068966,0.943687671924496
2.82073974609375e-07,1.03448275862069,0.924669971535797
2.82073974609375e-07,1.12068965517241,0.903584477389085
2.82073974609375e-07,1.20689655172414,0.879825833546529
2.82073974609375e-07,1.29310344827586,0.853393292818655
2.82073974609375e-07,1.37931034482759,0.824470780484882
2.82073974609375e-07,1.46551724137931,0.793256110538365
2.82073974609375e-07,1.55172413793103,0.759653753852273
2.82073974609375e-07,1.63793103448276,0.723896288145532
2.82073974609375e-07,1.72413793103448,0.686208360508695
2.82073974609375e-07,1.81034482758621,0.646660371050163
2.82073974609375e-07,1.89655172413793,0.605369475046073
2.82073974609375e-07,1.98275862068966,0.562349800202062
2.82073974609375e-07,2.06896551724138,0.517644161379611
2.82073974609375e-07,2.1551724137931,0.471278540159937
2.82073974609375e-07,2.24137931034483,0.423219002346405
2.82073974609375e-07,2.32758620689655,0.372932702639115
2.82073974609375e-07,2.41379310344828,0.321921061107744
2.82073974609375e-07,2.5,0.26945470258777
2.9335693359375e-07,0,0.999999999999956
2.9335693359375e-07,0.0862068965517241,0.999999999999999
2.9335693359375e-07,0.172413793103448,0.999999976482809
2.9335693359375e-07,0.258620689655172,0.999991802655538
2.9335693359375e-07,0.344827586206897,0.999846736044156
2.9335693359375e-07,0.431034482758621,0.999112351715516
2.9335693359375e-07,0.517241379310345,0.997102397013089
2.9335693359375e-07,0.603448275862069,0.993194445001146
2.9335693359375e-07,0.689655172413793,0.987285312695514
2.9335693359375e-07,0.775862068965517,0.978152248477778
2.9335693359375e-07,0.862068965517241,0.966238397482721
2.9335693359375e-07,0.948275862068966,0.951227885122722
2.9335693359375e-07,1.03448275862069,0.93364589887251
2.9335693359375e-07,1.12068965517241,0.914443416734387
2.9335693359375e-07,1.20689655172414,0.892957249143916
2.9335693359375e-07,1.29310344827586,0.868970390677007
2.9335693359375e-07,1.37931034482759,0.842547534510434
2.9335693359375e-07,1.46551724137931,0.813918965887547
2.9335693359375e-07,1.55172413793103,0.783178278070475
2.9335693359375e-07,1.63793103448276,0.750221074151592
2.9335693359375e-07,1.72413793103448,0.715367686156881
2.9335693359375e-07,1.81034482758621,0.678745418026456
2.9335693359375e-07,1.89655172413793,0.640415061215723
2.9335693359375e-07,1.98275862068966,0.600493501856329
2.9335693359375e-07,2.06896551724138,0.558970068439433
2.9335693359375e-07,2.1551724137931,0.515891730629342
2.9335693359375e-07,2.24137931034483,0.47127854015988
2.9335693359375e-07,2.32758620689655,0.42510157017372
2.9335693359375e-07,2.41379310344828,0.376819861174732
2.9335693359375e-07,2.5,0.327871110842941
3.04639892578125e-07,0,0.999999999999981
3.04639892578125e-07,0.0862068965517241,1
3.04639892578125e-07,0.172413793103448,0.999999988031616
3.04639892578125e-07,0.258620689655172,0.999994766641554
3.04639892578125e-07,0.344827586206897,0.999890634067402
3.04639892578125e-07,0.431034482758621,0.999321768125159
3.04639892578125e-07,0.517241379310345,0.997694485738203
3.04639892578125e-07,0.603448275862069,0.994509380522773
3.04639892578125e-07,0.689655172413793,0.989078108907947
3.04639892578125e-07,0.775862068965517,0.981519963107715
3.04639892578125e-07,0.862068965517241,0.971013316062053
3.04639892578125e-07,0.948275862068966,0.957703766826601
3.04639892578125e-07,1.03448275862069,0.941649875460875
3.04639892578125e-07,1.12068965517241,0.923931969053415
3.04639892578125e-07,1.20689655172414,0.90441194495682
3.04639892578125e-07,1.29310344827586,0.882599142077179
3.04639892578125e-07,1.37931034482759,0.85848956063284
3.04639892578125e-07,1.46551724137931,0.832193915200797
3.04639892578125e-07,1.55172413793103,0.803908029843797
3.04639892578125e-07,1.63793103448276,0.773646767331705
3.04639892578125e-07,1.72413793103448,0.74135858172711
3.04639892578125e-07,1.81034482758621,0.707380007477452
3.04639892578125e-07,1.89655172413793,0.671774370138826
3.04639892578125e-07,1.98275862068966,0.634594649026856
3.04639892578125e-07,2.06896551724138,0.595958105999194
3.04639892578125e-07,2.1551724137931,0.555831818452405
3.04639892578125e-07,2.24137931034483,0.514266950081445
3.04639892578125e-07,2.32758620689655,0.471278540159943
3.04639892578125e-07,2.41379310344828,0.426841565546827
3.04639892578125e-07,2.5,0.380412737547663
3.159228515625e-07,0,0.999999999999943
3.159228515625e-07,0.0862068965517241,1
3.159228515625e-07,0.172413793103448,0.999999993912575
3.159228515625e-07,0.258620689655172,0.999996670173478
3.159228515625e-07,0.344827586206897,0.999922027026304
3.159228515625e-07,0.431034482758621,0.999484075529921
3.159228515625e-07,0.517241379310345,0.998167140835515
3.159228515625e-07,0.603448275862069,0.995392536841757
3.159228515625e-07,0.689655172413793,0.990813007826313
3.159228515625e-07,0.775862068965517,0.984388046365128
3.159228515625e-07,0.862068965517241,0.975017701421614
3.159228515625e-07,0.948275862068966,0.963277980314999
3.159228515625e-07,1.03448275862069,0.948835417753113
3.159228515625e-07,1.12068965517241,0.932333870707676
3.159228515625e-07,1.20689655172414,0.914443416734384
3.159228515625e-07,1.29310344827586,0.894575700084333
3.159228515625e-07,1.37931034482759,0.87254562358426
3.159228515625e-07,1.46551724137931,0.848401463626651
3.159228515625e-07,1.55172413793103,0.822315780433507
3.159228515625e-07,1.63793103448276,0.794408956020867
3.159228515625e-07,1.72413793103448,0.764599755522889
3.159228515625e-07,1.81034482758621,0.733019623051394
3.159228515625e-07,1.89655172413793,0.699885306844237
3.159228515625e-07,1.98275862068966,0.665249129579034
3.159228515625e-07,2.06896551724138,0.629157663244894
3.159228515625e-07,2.1551724137931,0.591728987585875
3.159228515625e-07,2.24137931034483,0.552910111208445
3.159228515625e-07,2.32758620689655,0.51275636745181
3.159228515625e-07,2.41379310344828,0.471278540159892
3.159228515625e-07,2.5,0.428454677306357
3.27205810546875e-07,0,0.999999999999934
3.27205810546875e-07,0.0862068965517241,1
3.27205810546875e-07,0.172413793103448,0.99999999690844
3.27205810546875e-07,0.258620689655172,0.999997876111586
3.27205810546875e-07,0.344827586206897,0.999944374121503
3.27205810546875e-07,0.431034482758621,0.999606551057374
3.27205810546875e-07,0.517241379310345,0.998536031312688
3.27205810546875e-07,0.603448275862069,0.996255846186868
3.27205810546875e-07,0.689655172413793,0.992289237406205
3.27205810546875e-07,0.775862068965517,0.986743112598439
3.27205810546875e-07,0.862068965517241,0.978514335110154
3.27205810546875e-07,0.948275862068966,0.968066845510225
3.27205810546875e-07,1.03448275862069,0.955127255948306
3.27205810546875e-07,1.12068965517241,0.939878915911265
3.27205810546875e-07,1.20689655172414,0.923293419610208
3.27205810546875e-07,1.29310344827586,0.905122271340521
3.27205810546875e-07,1.37931034482759,0.884963563593263
3.27205810546875e-07,1.46551724137931,0.86281690018355
3.27205810546875e-07,1.55172413793103,0.838726450230105
3.27205810546875e-07,1.63793103448276,0.812894007104743
3.27205810546875e-07,1.72413793103448,0.785372374937346
3.27205810546875e-07,1.81034482758621,0.756046528434504
3.27205810546875e-07,1.89655172413793,0.725161875492987
3.27205810546875e-07,1.98275862068966,0.692840822260545
3.27205810546875e-07,2.06896551724138,0.659129041194606
3.27205810546875e-07,2.1551724137931,0.624101012593068
3.27205810546875e-07,2.24137931034483,0.587776278654761
3.27205810546875e-07,2.32758620689655,0.550183320635173
3.27205810546875e-07,2.41379310344828,0.511348355883577
3.27205810546875e-07,2.5,0.471278540159901
