"Date";"Comp1";"Comp2"
37410;66,5;132,5
37411;65,5;127,5
37412;66;131,5
37413;65,5;129
37414;65;121
37417;65;122,5
37418;67;129,5
37419;67;122
37420;67;121
37421;63,5;120,5
37424;63;126,5
37425;62;126
37426;62,5;122
37427;62;122
37431;61,5;112
37432;61;116,5
37433;60;120,5
37434;58,5;124
37435;60,5;133,5
37438;60,5;131,5
37439;59,5;125,5
37440;60;125,5
37441;60;132,5
37442;60,5;142
37445;62;140,5
37446;62;138
37447;61,5;131,5
37448;61,5;129,5
37449;60;129,5
37452;58;121,5
37453;57;126
37454;56;134
37455;58,5;128
37456;56;120,5
37459;51;117
37460;49,3;110,5
37461;45,7;108
37462;45,8;107
37463;44,5;108
37466;47;117
37467;50;117
37468;50,5;118
37469;49;110,5
37470;46,9;109,5
37473;45,2;103
37474;47,2;109
37475;48,2;110
37476;49,6;116,5
37477;50;123,5
37480;49;122
37481;49,5;121,5
37482;49,9;113,5
37483;49,9;122,5
37484;47,4;126,5
37487;47;133,5
37488;47,4;131
37489;50;133,5
37490;50,5;139,5
37491;50;134
37494;51,5;129,5
37495;53,5;134
37496;53;124,5
37497;51,5;123
37498;48;125,5
37501;49,5;122,5
37502;48,5;117,5
37503;48,5;119,5
37504;48,5;124
37505;47,7;130,5
37508;48,5;129,5
37509;47,4;129,5
37510;47,8;138
37511;46,5;132,5
37512;46,2;129,5
37515;45,5;125,5
37516;45,4;124,5
37517;43,7;117,5
37518;40,9;117
37519;40,6;118,5
37522;35,6;115
37523;34,5;113
37524;35,7;119,5
37525;36,5;132
37526;36,1;132,5
37529;36;122,5
37530;34,1;124,5
37531;34,6;131,5
37532;34,1;129,5
37533;32,2;122
37536;31,6;121
37537;31,9;121
37538;32,4;122
37539;34,6;128
37540;36;132,5
37543;38,8;131,5
37544;37,6;143
37545;38,2;136
37546;38,4;151
37547;38,1;152,5
37550;38;151
37551;38,2;153
37552;37,8;148
37553;36,3;154
37554;36,8;154
37557;40,6;157,5
37558;38,8;148,5
37559;42;154
37560;46;155
37561;49,4;151
37564;50,5;161,5
37565;49,5;165
37566;49;157,5
37567;50;153
37568;50;149
37571;48;144,5
37572;47,7;148
37573;47,5;155
37574;48,7;161,5
37575;48,8;161,5
37578;50;165,5
37579;49,5;160
37580;49,8;162,5
37581;53,5;172
37582;53,5;171,5
37585;51;173
37586;50;170
37587;51;176,5
37588;54,5;180
37589;55,5;175
37592;54,5;179,5
37593;50;169
37594;50;170,5
37595;52;165
37596;50;169,5
37599;49,5;162,5
37600;47,3;157
37601;46,1;155
37602;48,2;154,5
37603;48;152,5
37606;48,2;157,5
37607;46,3;154
37608;42,9;145
37609;44,4;144
37610;49,1;144,5
37613;48;144,5
37617;47,8;138
37620;48,4;138
37623;47,9;146,5
37624;48,2;147
37628;50;146
37629;48,8;137
37630;47,9;143,5
37631;48,4;143
37634;49;141,5
37635;49,9;145,5
37636;49,7;142
37637;50;135,5
37638;49,9;130,5
37641;51;129
37642;49,8;129,5
37643;48,8;130
37644;50,5;123,5
37645;51,5;125
37648;50,5;119
37649;50;118
37650;49,3;122,5
37651;49,9;125,5
37652;46,8;122
37655;48,2;124
37656;48,8;120
37657;49,4;121,5
37658;46,2;117
37659;45,5;116
37662;44,1;115,5
37663;45;122,5
37664;46,3;118,5
37665;42,1;114,5
37666;40,2;116
37669;40,5;121
37670;38,9;123
37671;37,9;118,5
37672;37,9;116
37673;37,8;116
37676;38,3;117
37677;36,3;110,5
37678;36,6;108
37679;36,3;109,5
37680;35,5;113,5
37683;36;114,5
37684;35,9;110,5
37685;36,6;111,5
37686;35,8;111,5
37687;34,2;106
37690;32,9;106
37691;33,5;107,5
37692;32,4;111,5
37693;33,4;117,5
37694;34,9;124
37697;34,8;129,5
37698;35,4;130
37699;35,7;130,5
37700;36,6;130
37701;36,8;135
37704;36,4;129
37705;35,8;130,5
37706;35,6;127,5
37707;35,4;128
37708;35,6;126
37711;35,4;118,5
37712;37,3;121
37713;40,2;128,5
37714;40,9;129
37715;42,3;128,5
37718;43,6;134,5
37719;43,8;129
37720;42,9;128
37721;42;122
37722;41,5;123
37725;42;124
37726;42,4;127,5
37727;42,4;125,5
37728;42,8;135
37733;43,1;137
37734;43,9;140
37735;43;136
37736;45,8;133
37739;45,8;137,5
37740;46,6;137,5
37741;46,2;138
37743;48,3;134
37746;48,2;136,5
37747;47,3;137
37748;47,4;137,5
37749;47,2;133,5
37750;46,9;134
37753;46,8;137
37754;46,3;140
37755;46,1;138
37756;45,8;141
37757;45,7;140
37760;45,4;133,5
37761;44,9;131
37762;44,2;127,5
37763;44,4;132
37764;44,1;130
37767;44;129
37768;44,6;129,5
37769;44,6;137
37771;45;139,5
37774;45,2;142,5
37775;45,3;140,5
37776;45,4;139,5
37777;45,5;136
37778;46,3;140,5
37782;45,9;136,5
37783;46,8;137
37784;46,2;134,5
37785;45,8;131
37788;46,7;133,5
37789;48,1;135
37790;49,1;136,5
37791;49,2;138
37795;49,9;134,5
37796;49,3;134
37797;50;135
37798;51;136
37799;52;136
37802;53;131
37803;51;129,5
37804;51,5;132
37805;54;132
37806;55;130,5
37809;55,5;137
37810;58;138
37811;56,5;144
37812;56;145,5
37813;52,5;143
37816;53,5;145
37817;53;144
37818;52,5;143,5
37819;51,5;122,5
37820;52;121,5
37823;52,5;118
37824;52;120
37825;51,5;119,5
37826;52;122,5
37827;53;120,5
37830;54;124
37831;52,5;123,5
37832;53;124,5
37833;53;126,5
37834;52,5;122
37837;52;120
37838;53;119,5
37839;52;114
37840;53;115,5
37841;55;115,5
37844;54,5;118
37845;56;119
37846;57;120
37847;57,5;121
37848;56,5;120
37851;58,5;122
37852;59,5;127,5
37853;58;128,5
37854;57;130
37855;58;132
37858;57,5;130,5
37859;54,5;131,5
37860;56;136
37861;55;137,5
37862;56;137
37865;57;137,5
37866;58;137
37867;59;140,5
37868;57,5;139,5
37869;57,5;137,5
37872;57;139
37873;58,5;132
37874;58,5;126
37875;59;124,5
37876;59;125,5
37879;59,5;126,5
37880;59;127
37881;58;125,5
37882;57;127
37883;56;126
37886;54,5;123
37887;53,5;120,5
37888;53,5;119
37889;53;118
37890;53,5;119,5
37893;52;121
37894;52,5;120,5
37895;53,5;122,5
37896;54,5;125
37897;56;130,5
37900;55;129
37901;54,5;128
37902;56;128
37903;56;132
37904;55,5;131
37907;55,5;133
37908;55,5;131
37909;56;132
37910;55;127,5
37911;54;131,5
37914;54,5;131
37915;53,5;132,5
37916;53;129,5
37917;52;128,5
37918;57;129,5
37921;57,5;130
37922;59;131
37923;59;132
37924;59,5;132
37925;58,5;132,5
37928;58;135,5
37929;59;134,5
37930;59,5;133,5
37931;60;136
37932;61,5;138
37935;60,5;135
37936;59,5;134
37937;59,5;136
37938;60;137
37939;60;136,5
37942;59;132,5
37943;59,5;134
37944;59;132
37945;59,5;133
37946;58,5;133,5
37949;61;138
37950;61,5;136
37951;61;136
37952;62,5;136,5
37953;62,5;136
37956;62,5;136
37957;62;135,5
37958;61,5;134,5
37959;62;137
37960;62;134
37963;59,5;130,5
37964;61;129
37965;61;129
37966;62;129,5
37967;62,5;129
37970;62,5;130
37971;60;128
37972;60;125
37973;60;126
37974;58,5;127,5
37977;60;125
37978;60,5;125,5
37984;59,5;123,5
37985;59,5;124,5
37988;60;124,5
37991;60;125
37993;61,5;128
37994;60,5;145,5
37995;60,5;147,5
37998;60;149
37999;60,5;148,5
38000;60,5;152,5
38001;60,5;150,5
38002;60;153,5
38005;62;154,5
38006;61,5;153
38007;61,5;149
38008;63,5;152,5
38009;63;154,5
38012;64,5;154
38013;65;154,5
38014;64,5;153,5
38015;63,5;151
38016;65,5;152,5
38019;66;154
38020;65,5;153,5
38021;65,5;151
38022;63,5;150
38023;64;152
38026;64;155
38027;60,5;158,5
38028;60,5;161
38029;59;161,5
38030;59;159
38033;60;160,5
38034;60,5;162,5
38035;60,5;163,5
38036;61;165
38037;59,5;163
38040;60;166,5
38041;59;161,5
38042;59;162
38043;61;163,5
38044;62;163
38047;62,5;163,5
38048;61;167,5
38049;61,5;168
38050;60,5;170,5
38051;61;171,5
38054;59,5;173
38055;59,5;167,5
38056;58,5;166
38057;58;160
38058;58,5;161,5
38061;59;155,5
38062;59;157,5
38063;60;161,5
38064;58,5;154,5
38065;57,5;153,5
38068;56,5;147,5
38069;56,5;147
38070;57,5;149
38071;57;152,5
38072;55,5;151
38075;55;153,5
38076;55;151
38077;56,5;153
38078;58;155,5
38079;57;159,5
38082;56,5;160,5
38083;57,5;133
38084;58;128
38085;58,5;128,5
38090;58,5;129,5
38091;57,5;127,5
38092;60;124
38093;61;114
38096;60;116
38097;60,5;117
38098;63;115
38099;63,5;117
38100;65;116,5
38103;64,5;116,5
38104;65;115
38105;65;112,5
38106;66;110,5
38107;66,5;108
38110;68,5;108,5
38111;68,5;106,5
38112;68;108
38113;67;106,5
38114;67;107,5
38117;66;104,5
38118;66,25;106,5
38119;66;103,5
38120;67,5;104
38121;67;102
38124;65;101
38125;65,25;101,5
38126;66,75;103
38128;66,5;99
38131;66,25;99,5
38132;66,75;99
38133;66,75;100
38134;66,75;101,5
38135;66,25;101,5
38139;67,5;101
38140;68,75;101,5
38141;70;102
38142;69,5;104
38145;70;107
38146;70;106,5
38147;69,5;107
38148;69,75;107
38149;70,25;109
38152;70,5;107,5
38153;72,75;108
38154;73;107
38155;72;106,5
38156;72,5;107
38159;72,5;107,5
38160;71,5;105,5
38161;72,5;106,5
38162;72,5;107,5
38166;73;107,5
38167;72,75;106
38168;72,5;108
38169;75;110
38170;74,5;109
38173;74,25;108,5
38174;74,25;106
38175;74,75;105
38176;75,25;106,5
38177;76,5;108
38180;76,75;106,5
38181;76,75;106
38182;76,5;105
38183;75,75;91,5
38184;76;90,5
38187;75,75;89
38188;75,75;90,75
38189;83,5;91,5
38190;82,5;88,75
38191;82,5;89,5
38194;81,75;88
38195;82,5;89
38196;81,75;86,5
38197;80;88,5
38198;79,5;88,25
38201;80,75;87,75
38202;81;88,25
38203;79,5;87
38204;81;87,25
38205;80;84,25
38208;79;83,75
38209;78,5;84,75
38210;78,25;84
38211;78;83,25
38212;77,75;82,75
38215;76,75;86
38216;77,75;86,75
38217;77,75;87,25
38218;77,5;88
38219;77,5;87,25
38222;77,75;88,5
38223;78,25;88
38224;78,25;88,5
38225;78,5;89,25
38226;77,75;89,5
38229;78,5;89
38230;79,25;88,25
38231;81;88,75
38232;80,5;91,5
38233;80,5;93
38236;80,5;94
38237;79,5;94,5
38238;79;95,5
38239;78,5;101,5
38240;78,75;101
38243;79,75;103,5
38244;79,5;102
38245;79;102,5
38246;79,25;103
38247;79,25;104
38250;78,25;104
38251;78,25;104
38252;78,25;102,5
38253;77,5;101,5
38254;79,25;101,5
38257;80;100,5
38258;79,75;99,5
38259;81,75;100,5
38260;81,75;100,5
38261;82;103,5
38264;81,5;106
38265;81,25;105,5
38266;80,5;105
38267;79,75;105,5
38268;79,75;103,5
38271;79,5;102
38272;79;100,5
38273;79;103,5
38274;78;105
38275;77,25;107,5
38278;76,25;106,5
38279;77;110
38280;76;107,5
38281;81;107,5
38282;83,5;108,5
38285;84;105
38286;81,25;104,5
38287;78,5;107
38288;80,75;109
38289;80,25;109,5
38292;81,25;110,5
38293;83;112
38294;84;112
38295;84,25;111
38296;84,75;114
38299;85,25;112,5
38300;86;113,5
38301;87;114,5
38302;88,5;116
38303;89;114,5
38306;88,75;114
38307;88;112,5
38308;87,5;115
38309;87,5;115,5
38310;87;113
38313;86,75;112,5
38314;86,5;110,5
38315;84,25;110,5
38316;85,5;110,5
38317;85,25;111
38320;85;110,5
38321;84,5;109,5
38322;83,5;110,5
38323;85,5;113
38324;87;109,5
38327;89,5;108
38328;95;109
38329;92,75;108,5
38330;93,75;106,5
38331;93,75;106,5
38334;92,5;104,5
38335;92;105
38336;90,75;105
38337;95;103,5
38338;95,75;101
38341;93,5;101,5
38342;93,5;104
38343;93,5;106
38344;97;106,5
38348;94;104,5
38349;94,5;105,5
38350;93,5;104,5
38351;93,25;104,5
38355;95;105
38356;97;106,5
38357;97,25;104,5
38359;97,75;106
38362;101;108
38363;100;105
38364;98,25;104
38365;98,5;103,5
38366;97,75;104,5
38369;99,25;105,5
38370;100,5;103,5
38371;99,75;102,5
38372;100,5;99,25
38373;99,5;97,75
38376;98,5;97,25
38377;101;98
38378;101,5;99,5
38379;102;105,5
38380;100,5;105,5
38383;100,5;107
38384;102;108
38385;103,5;109
38386;102,5;109
38387;102,5;110
38390;103,5;110
38391;103;111,5
38392;103,5;111
38393;103;111
38394;101;112
38397;101;112
38398;99,5;112
38399;98,25;110,5
38400;99;109,5
38401;96,75;110
38404;97,25;109,5
38405;97;111,5
38406;95,25;109,5
38407;96;109,5
38408;97,25;112
38411;97;111
38412;96,5;111,5
38413;96;111,5
38414;96,5;110
38415;96,75;110,5
38418;96,5;110,5
38419;95,25;111
38420;97,5;111
38421;97,75;110
38422;97,5;110
38425;95,5;111
38426;97,25;111,5
38427;96,75;110
38428;97;111,5
38429;97,75;111
38432;98,25;110
38433;97,5;110
38434;97,5;109
38435;97,75;107
38440;98;108,5
38441;98;109
38442;96;109,5
38443;97,25;111
38446;98,25;108,5
38447;101;109
38448;101;109
38449;102;111
38450;100,5;109,5
38453;101,5;109
38454;101,5;107,5
38455;101;108
38456;100,5;108
38457;100,5;105
38460;98,5;104
38461;99,75;106
38462;100;108
38463;99;113,5
38464;98,5;115
38467;100;115,5
38468;97;114
38469;95,5;112,5
38470;96,25;113,5
38471;96,25;113,5
38474;96,75;115
38475;96,5;114,5
38476;97;116
38478;96;121
38481;94,25;122,5
38482;93,75;121,5
38483;93,5;120,5
38484;94,75;122,5
38485;96,5;124,5
38488;95,25;125,5
38489;94,25;125
38490;96,5;127,5
38491;99,5;127,5
38492;97,5;127
38495;96,75;127
38496;98,25;127,5
38497;100,5;124,5
38498;98,75;126
38499;100;125,5
38502;99,75;126
38503;99;125
38504;100;127,5
38505;100,5;128
38506;100,5;128
38510;100,5;128
38511;101;128
38512;101;126,5
38513;103,5;128,5
38516;104;130
38517;105;131
38518;106;130,5
38519;104;131,5
38520;107;129,5
38523;104;129,5
38524;107;131,5
38525;106,5;133,5
38526;105,5;134,5
38530;102,5;131
38531;104;131
38532;104;133
38533;104,5;131
38534;105;132
38537;106,5;131,5
38538;107;132
38539;108;132,5
38540;106,5;130,5
38541;106,5;134
38544;107,5;137,5
38545;106,5;135,5
38546;109;137,5
38547;110,5;139
38548;111,5;138,5
38551;111,5;139
38552;114;141
38553;112,5;138,5
38554;116,5;124,5
38555;116;121,5
38558;116;119,5
38559;114,5;121,5
38560;113,5;123,5
38561;114;124,5
38562;112,5;123,5
38565;113;122
38566;113;123,5
38567;111,5;123,5
38568;111;122
38569;110;121
38572;108,5;122
38573;109,5;124,5
38574;109,5;125,5
38575;108,5;122,5
38576;109;122,5
38579;109,5;121,5
38580;110,5;121
38581;112,5;120
38582;112;120,5
38583;110;121
38586;112;121
38587;110;119,5
38588;106;119,5
38589;104,5;118
38590;104;117
38593;106;118
38594;106,5;118
38595;107,5;118,5
38596;108,5;118,5
38597;108,5;117,5
38600;109;119
38601;109,5;120
38602;112;120
38603;110;120
38604;113;122
38607;112,5;121,5
38608;114;126,5
38609;114;127
38610;112;127,5
38611;112;126,5
38614;115;126
38615;114,5;127
38616;112;125
38617;112;125,5
38618;112;126
38621;111,5;128
38622;113;127,5
38623;115;127,5
38624;115;126,5
38625;117;129,5
38628;117,5;132,5
38629;118,5;133
38630;116;132
38631;114;130
38632;113,5;128,5
38635;115;129,5
38636;115,5;131,5
38637;114,5;131
38638;114;131
38639;114;132
38642;113,5;133
38643;113;133,5
38644;112;133
38645;112;126
38646;111,5;127
38649;111,5;128,5
38650;112,5;128,5
38651;113;128
38652;112,5;127
38653;111;127
38656;112;132
38657;111;135,5
38658;112,5;136
38659;113,5;139
38660;85;138,5
38663;85,75;139
38664;86,25;138
38665;85,5;138,5
38666;85;138,5
38667;85;140,5
38670;83,75;141,5
38671;82,5;140,5
38672;82,75;139
38673;83,5;141
38674;83,25;141,5
38677;82,75;141,5
38678;82,5;140,5
38679;81,75;140,5
38680;81,5;140
38681;81,75;140,5
38684;81,25;139
38685;80,75;139,5
38686;79,75;138
38687;80;139
38688;82,25;139
38691;81,5;140,5
38692;81,75;140,5
38693;80,75;142,5
38694;81;146
38695;81,5;143
38698;81,5;144
38699;81,5;145,5
38700;81,5;145,5
38701;81,5;144,5
38702;83,25;146,5
38705;81,5;147,5
38706;81,75;146
38707;82,75;145,5
38708;83;147
38709;83,25;148,5
38713;84;149
38714;85;146,5
38715;86,5;147
38716;86,5;144,5
38719;85,75;146,5
38720;86,5;145
38721;87;147,5
38722;85,75;148,5
38726;83;150,5
38727;82,25;149
38728;82;146,5
38729;82,75;145,5
38730;82,5;144,5
38733;84,25;145
38734;84,75;143,5
38735;84,75;142
38736;85,75;143,5
38737;84,5;140
38740;85,75;138,5
38741;85;138
38742;85,5;140,5
38743;90,75;138
38744;88,5;138,5
38747;89,5;138
38748;89;139
38749;88,75;141
38750;90;141
38751;91,25;140
38754;90,5;139,5
38755;86,5;137,5
38756;83;139
38757;82,25;140,5
38758;83;139,5
38761;84,5;140
38762;84,25;143,5
38763;84;146
38764;84,25;149
38765;83,75;148
38768;83;147,5
38769;81,5;148
38770;81,25;148,5
38771;79,75;149,5
38772;82;149,5
38775;83,75;149,5
38776;81,5;148,5
38777;83;149
38778;79;150,5
38779;81,25;149
38782;82,5;150
38783;82,5;152,5
38784;82,75;155
38785;82,75;157,5
38786;81,5;157,5
38789;82,5;159
38790;82,5;159,5
38791;84;158,5
38792;83,5;158,5
38793;84,75;157,5
38796;85,25;159
38797;85,5;160
38798;88,5;158,5
38799;89,25;159
38800;89,75;158,5
38803;90,25;159
38804;93;157,5
38805;92,75;157
38806;92,25;165
38807;93,5;161
38810;109,5;161,5
38811;110;158,5
38812;112;159,5
38813;112,5;159,5
38814;112,5;159,5
38817;113;158,5
38818;113;164
38819;112;162,5
38820;110,5;162,5
38825;111;161,5
38826;111;162,5
38827;112;170,5
38828;112;174
38831;111,5;171
38832;111;170,5
38833;110,5;172
38834;111;171
38835;110,5;168
38839;110;169
38840;109;167,5
38841;109;168
38842;109;167,5
38845;108;168,5
38846;108,5;168,5
38847;104,5;166,5
38848;107,5;161
38849;107;156,5
38852;110;159
38853;110;160,5
38854;110;156
38855;109,5;153
38856;110;154
38859;110;149,5
38860;111,5;156,5
38861;112;153,5
38863;113,5;159,5
38866;113,5;159
38867;110,5;154
38868;113;154,5
38869;113;158,5
