0 1 0.53 0 0 0 0
1 2 2.25 0 0 0 0
2 3 4.06 0 0 0 0
3 4 5.46 60 0.35 30 15
4 5 7.52 140 0.39 60 35
5 6 8.54 270 0.41 120 65
6 7 9.46 450 0.41 190 110
7 8 10.06 730 0.43 320 180
8 9 10.37 1090 0.45 480 270
9 10 9.67 1540 0.45 680 330
10 11 8.47 1980 0.43 880 490
11 12 6.97 2240 0.37 1100 650
12 13 5.43 2300 0.30 1460 810
13 14 4.07 2300 0.24 1930 1250
14 15 2.93 2300 0.19 2210 1310
15 16 1.90 2300 0.16 2270 1640
16 17 1.04 2300 0.13 2300 2020
17 18 0.57 2300 0.11 2300 2230
18 19 0.32 2300 0.09 2300 2280
19 20 0.16 2300 0.08 2300 2300
20 21 0.09 2300 0.07 2300 2300
21 22 0.05 0 0 0 0
22 23 0.02 0 0 0 0
23 24 0.03 0 0 0 0
24 25 0.01 0 0 0 0
