0 10 1 1 1 1 1 0.72 1 1 1 1 1.70 6.4
10 20 1 1 1 1 1 1 0.98 1 1 1 1.88 6.1
20 30 1 1 1 1 1 1 0.81 1 1 1 0.86 6.7
30 40 1 1 1 1 1 1 0.42 1 1 1 1.32 7.4
40 50 1 1 1 1 1 1 0.58 1 1 1 1.75 7.8
50 60 1 1 1 1 1 1 0.97 1 1 1 1.85 7.0
60 70 1 1 1 1 1 1 1 0.97 1 1 1.79 6.5
70 80 1 1 1 1 1 1 1 0.96 1 1 1.79 6.6
80 90 1 1 1 1 1 1 1 0.52 1 1 1.95 7.2
90 100 1 1 1 1 1 1 1 0.72 1 1 2.27 8.6
100 110 1 1 1 1 1 1 1 0.98 1 1 2.64 8.2
110 120 1 1 1 1 1 1 1 1 0.86 0.99 2.95 8.7
120 130 1 1 1 1 1 1 1 1 0.41 0.80 3.09 8.8
130 140 1 1 1 1 1 1 1 1 0.29 0.76 3.10 8.6
140 150 1 1 1 1 1 1 1 1 0.88 0.98 2.95 9.0
150 160 1 1 1 1 1 1 1 1 0.95 1 2.73 7.9
160 170 0.96 1 1 1 1 1 1 1 1 1 2.55 7.9
170 180 0.52 1 1 1 1 1 1 1 1 1 2.50 8.2
180 190 0.72 1 1 1 1 1 1 1 1 1 2.61 8.5
190 200 1 0.98 1 1 1 1 1 1 1 1 2.91 8.3
200 210 1 0.81 1 1 1 1 1 1 1 1 3.33 8.5
210 220 1 0.42 1 1 1 1 1 1 1 1 3.80 9.2
220 230 1 0.58 1 1 1 1 1 1 1 1 4.24 9.4
230 240 1 0.98 1 1 1 1 1 1 1 1 4.58 8.9
240 250 1 0.99 1 1 1 1 1 1 1 1 4.78 9.3
250 260 1 1 0.96 1 1 1 1 1 1 1 4.86 9.2
260 270 1 1 0.52 1 1 1 1 1 1 1 4.86 9.0
270 280 1 1 0.72 1 1 1 1 1 1 1 4.80 8.8
280 290 1 1 0.90 1 1 1 1 1 1 1 4.65 8.2
290 300 1 1 1 0.86 0.99 1 1 1 1 1 4.28 8.3
300 310 1 1 1 0.41 0.80 1 1 1 1 1 3.46 6.5
310 320 1 1 1 0.29 0.76 1 1 1 1 1 1.99 6.6
320 330 1 1 1 0.88 0.98 1 1 1 1 1 1.02 7.0
330 340 1 1 1 0.94 1 1 1 1 1 1 1.20 7.7
340 350 1 1 1 1 1 0.96 1 1 1 1 1.60 7.0
350 360 1 1 1 1 1 0.52 1 1 1 1 1.36 6.9

